avg_min: 4.26326e-014
avg_max: 41.6819
avg_mean: 8.87827
std: 12.3636
