avg_min: 3.55271e-014
avg_max: 19.3456
avg_mean: 4.26207
std: 5.96758
