avg_min: 9.23706e-014
avg_max: 11.5685
avg_mean: 1.55148
std: 3.30004
