avg_min: 1.27898e-013
avg_max: 11.5827
avg_mean: 2.14131
std: 2.92894
