avg_min: 8.88178e-014
avg_max: 14.7957
avg_mean: 4.27782
std: 4.22253
