avg_min: 0
avg_max: 28.3025
avg_mean: 3.03355
std: 7.91546
