avg_min: 6.03961e-014
avg_max: 28.7723
avg_mean: 6.17415
std: 8.71946
