avg_min: 6.39488e-014
avg_max: 15.8908
avg_mean: 3.37197
std: 4.7635
