avg_min: 7.4607e-014
avg_max: 32.5585
avg_mean: 6.99538
std: 8.95993
