avg_min: 3.55271e-013
avg_max: 27.6112
avg_mean: 7.36277
std: 9.28975
