avg_min: 4.43023e-012
avg_max: 49.5698
avg_mean: 7.39147
std: 14.1769
