avg_min: 6.03961e-014
avg_max: 20.2389
avg_mean: 2.85827
std: 5.12375
