avg_min: 0
avg_max: 9.73836
avg_mean: 1.78814
std: 3.25399
