avg_min: 7.10543e-015
avg_max: 19.5646
avg_mean: 4.97695
std: 5.96998
