avg_min: 2.84217e-014
avg_max: 24.7463
avg_mean: 6.4073
std: 8.90642
