avg_min: 4.26326e-014
avg_max: 18.8249
avg_mean: 4.85161
std: 6.25252
