avg_min: 0
avg_max: 13.4298
avg_mean: 1.82593
std: 3.64635
