avg_min: 4.26326e-014
avg_max: 40.8383
avg_mean: 7.23587
std: 12.5233
