avg_min: 4.26326e-014
avg_max: 38.3333
avg_mean: 7.66658
std: 10.6504
