avg_min: 1.17062e-012
avg_max: 42.7677
avg_mean: 9.74244
std: 16.1945
