avg_min: 0
avg_max: 8.94306
avg_mean: 2.61786
std: 3.06109
