avg_min: 0
avg_max: 14.9625
avg_mean: 3.32799
std: 5.05279
