avg_min: 7.10543e-015
avg_max: 22.4407
avg_mean: 3.66961
std: 5.61704
