avg_min: 0
avg_max: 23.5303
avg_mean: 3.70299
std: 7.06278
