avg_min: 4.26326e-014
avg_max: 58.5025
avg_mean: 8.44219
std: 16.0456
