avg_min: 4.17444e-014
avg_max: 40.4894
avg_mean: 6.03488
std: 10.9682
